TCP
50.000000
0.000598
0.000879

TCP
50.000000
0.000598
0.000879

TCP
49.000000
0.000737
0.000879

TCP
50.000000
0.000598
0.000879

TCP
50.000000
0.000598
0.000879

TCP
49.000000
0.000737
0.000879

TCP
50.000000
0.000598
0.000879

TCP
50.000000
0.000598
0.000879

TCP
55.000000
0.000197
0.000879

TCP
55.000000
0.000197
0.000879

TCP
55.000000
0.000197
0.000879

TCP
56.000000
0.000155
0.000879

TCP
55.000000
0.000197
0.000879

TCP
55.000000
0.000197
0.000879

TCP
55.000000
0.000197
0.000879

TCP
55.000000
0.000197
0.000879

TCP
62.000000
0.000035
0.000879

TCP
62.000000
0.000035
0.000879

TCP
62.000000
0.000035
0.000879

TCP
62.000000
0.000035
0.000879

TCP
62.000000
0.000035
0.000879

TCP
62.000000
0.000035
0.000879

TCP
62.000000
0.000035
0.000879

TCP
62.000000
0.000035
0.000879

TCP
62.000000
0.000035
0.000879

TCP
76.000000
0.000001
0.000880

TCP
76.000000
0.000001
0.000880

UDP
1.000000
0.020159
0.000712

UDP
1.000000
0.020159
0.000712

TCP
76.000000
0.000001
0.000880

TCP
77.000000
0.000000
0.000880

TCP
76.000000
0.000001
0.000880

TCP
76.000000
0.000001
0.000880

TCP
76.000000
0.000001
0.000880

TCP
99.000000
0.000000
0.000881

TCP
99.000000
0.000000
0.000881

TCP
99.000000
0.000000
0.000881

TCP
99.000000
0.000000
0.000881

TCP
98.000000
0.000000
0.000881

TCP
122.000000
0.000000
0.000883

TCP
123.000000
0.000000
0.000883

TCP
123.000000
0.000000
0.000883

TCP
124.000000
0.000000
0.000883

TCP
122.000000
0.000000
0.000883

TCP
123.000000
0.000000
0.000883

TCP
123.000000
0.000000
0.000883

TCP
123.000000
0.000000
0.000883

TCP
195.000000
0.000000
0.000887

TCP
197.000000
0.000000
0.000887

TCP
195.000000
0.000000
0.000887

TCP
197.000000
0.000000
0.000887

TCP
196.000000
0.000000
0.000887

TCP
197.000000
0.000000
0.000887

TCP
196.000000
0.000000
0.000887

TCP
196.000000
0.000000
0.000887

TCP
936.000000
0.000000
0.000931

UDP
1.000000
0.020159
0.000712

UDP
1.000000
0.020159
0.000712

TCP
915.000000
0.000000
0.000929

TCP
923.000000
0.000000
0.000930

TCP
939.000000
0.000000
0.000931

TCP
933.000000
0.000000
0.000930

TCP
950.000000
0.000000
0.000931

TCP
943.000000
0.000000
0.000931

TCP
934.000000
0.000000
0.000930

TCP
942.000000
0.000000
0.000931

TCP
90.000000
0.000000
0.000881

TCP
90.000000
0.000000
0.000881

TCP
90.000000
0.000000
0.000881

TCP
90.000000
0.000000
0.000881

TCP
89.000000
0.000000
0.000881

TCP
90.000000
0.000000
0.000881

TCP
140.000000
0.000000
0.000884

TCP
141.000000
0.000000
0.000884

TCP
141.000000
0.000000
0.000884

TCP
140.000000
0.000000
0.000884

TCP
141.000000
0.000000
0.000884

TCP
164.000000
0.000000
0.000885

TCP
164.000000
0.000000
0.000885

TCP
163.000000
0.000000
0.000885

TCP
162.000000
0.000000
0.000885

TCP
164.000000
0.000000
0.000885

TCP
163.000000
0.000000
0.000885

TCP
164.000000
0.000000
0.000885

TCP
197.000000
0.000000
0.000887

TCP
195.000000
0.000000
0.000887

TCP
196.000000
0.000000
0.000887

TCP
0.000000
0.102038
0.000876

TCP
195.000000
0.000000
0.000887

TCP
197.000000
0.000000
0.000887

TCP
197.000000
0.000000
0.000887

TCP
244.000000
0.000000
0.000890

TCP
242.000000
0.000000
0.000890

TCP
245.000000
0.000000
0.000890

TCP
245.000000
0.000000
0.000890

TCP
244.000000
0.000000
0.000890

TCP
244.000000
0.000000
0.000890

TCP
246.000000
0.000000
0.000890

TCP
246.000000
0.000000
0.000890

TCP
245.000000
0.000000
0.000890

TCP
243.000000
0.000000
0.000890

TCP
322.000000
0.000000
0.000894

TCP
320.000000
0.000000
0.000894

TCP
325.000000
0.000000
0.000895

TCP
325.000000
0.000000
0.000895

TCP
325.000000
0.000000
0.000895

