TCP
50.000000
0.000598
0.000879

TCP
49.000000
0.000737
0.000879

TCP
50.000000
0.000598
0.000879

UDP
0.000000
0.020138
0.000712

TCP
50.000000
0.000598
0.000879

TCP
49.000000
0.000737
0.000879

TCP
50.000000
0.000598
0.000879

TCP
50.000000
0.000598
0.000879

UDP
0.000000
0.020138
0.000712

TCP
49.000000
0.000737
0.000879

UDP
0.000000
0.020138
0.000712

TCP
50.000000
0.000598
0.000879

TCP
52.000000
0.000388
0.000879

TCP
52.000000
0.000388
0.000879

TCP
53.000000
0.000311
0.000879

TCP
52.000000
0.000388
0.000879

UDP
1.000000
0.020159
0.000712

UDP
1.000000
0.020159
0.000712

TCP
52.000000
0.000388
0.000879

TCP
52.000000
0.000388
0.000879

UDP
0.000000
0.020138
0.000712

TCP
53.000000
0.000311
0.000879

TCP
52.000000
0.000388
0.000879

TCP
52.000000
0.000388
0.000879

TCP
55.000000
0.000197
0.000879

TCP
55.000000
0.000197
0.000879

TCP
55.000000
0.000197
0.000879

TCP
55.000000
0.000197
0.000879

TCP
55.000000
0.000197
0.000879

UDP
1.000000
0.020159
0.000712

UDP
1.000000
0.020159
0.000712

TCP
55.000000
0.000197
0.000879

TCP
56.000000
0.000155
0.000879

TCP
55.000000
0.000197
0.000879

TCP
55.000000
0.000197
0.000879

TCP
58.000000
0.000096
0.000879

TCP
58.000000
0.000096
0.000879

TCP
59.000000
0.000075
0.000879

TCP
58.000000
0.000096
0.000879

TCP
58.000000
0.000096
0.000879

TCP
59.000000
0.000075
0.000879

TCP
58.000000
0.000096
0.000879

TCP
58.000000
0.000096
0.000879

TCP
59.000000
0.000075
0.000879

TCP
58.000000
0.000096
0.000879

TCP
58.000000
0.000096
0.000879

TCP
59.000000
0.000075
0.000879

TCP
58.000000
0.000096
0.000879

TCP
62.000000
0.000035
0.000879

TCP
62.000000
0.000035
0.000879

TCP
62.000000
0.000035
0.000879

UDP
0.000000
0.020138
0.000712

TCP
61.000000
0.000045
0.000879

TCP
62.000000
0.000035
0.000879

TCP
62.000000
0.000035
0.000879

TCP
62.000000
0.000035
0.000879

TCP
62.000000
0.000035
0.000879

TCP
66.000000
0.000012
0.000880

TCP
66.000000
0.000012
0.000880

TCP
66.000000
0.000012
0.000880

TCP
66.000000
0.000012
0.000880

TCP
66.000000
0.000012
0.000880

TCP
66.000000
0.000012
0.000880

TCP
66.000000
0.000012
0.000880

TCP
66.000000
0.000012
0.000880

TCP
66.000000
0.000012
0.000880

TCP
66.000000
0.000012
0.000880

TCP
63.000000
0.000026
0.000879

TCP
64.000000
0.000020
0.000879

TCP
64.000000
0.000020
0.000879

TCP
64.000000
0.000020
0.000879

TCP
64.000000
0.000020
0.000879

TCP
64.000000
0.000020
0.000879

TCP
0.000000
0.102038
0.000876

TCP
64.000000
0.000020
0.000879

TCP
64.000000
0.000020
0.000879

TCP
60.000000
0.000058
0.000879

TCP
60.000000
0.000058
0.000879

TCP
61.000000
0.000045
0.000879

TCP
60.000000
0.000058
0.000879

TCP
60.000000
0.000058
0.000879

TCP
60.000000
0.000058
0.000879

TCP
68.000000
0.000007
0.000880

TCP
68.000000
0.000007
0.000880

TCP
68.000000
0.000007
0.000880

TCP
69.000000
0.000005
0.000880

TCP
68.000000
0.000007
0.000880

TCP
68.000000
0.000007
0.000880

TCP
68.000000
0.000007
0.000880

TCP
69.000000
0.000005
0.000880

TCP
68.000000
0.000007
0.000880

TCP
71.000000
0.000003
0.000880

TCP
71.000000
0.000003
0.000880

TCP
71.000000
0.000003
0.000880

TCP
71.000000
0.000003
0.000880

TCP
71.000000
0.000003
0.000880

TCP
70.000000
0.000004
0.000880

TCP
71.000000
0.000003
0.000880

TCP
71.000000
0.000003
0.000880

TCP
73.000000
0.000001
0.000880

TCP
74.000000
0.000001
0.000880

TCP
73.000000
0.000001
0.000880

TCP
0.000000
0.102038
0.000876

TCP
73.000000
0.000001
0.000880

TCP
73.000000
0.000001
0.000880

TCP
74.000000
0.000001
0.000880

TCP
75.000000
0.000001
0.000880

TCP
76.000000
0.000001
0.000880

TCP
76.000000
0.000001
0.000880

TCP
77.000000
0.000000
0.000880

TCP
76.000000
0.000001
0.000880

TCP
76.000000
0.000001
0.000880

TCP
76.000000
0.000001
0.000880

TCP
80.000000
0.000000
0.000880

TCP
79.000000
0.000000
0.000880

UDP
1.000000
0.020159
0.000712

UDP
1.000000
0.020159
0.000712

TCP
79.000000
0.000000
0.000880

TCP
79.000000
0.000000
0.000880

TCP
78.000000
0.000000
0.000880

TCP
79.000000
0.000000
0.000880

TCP
79.000000
0.000000
0.000880

TCP
82.000000
0.000000
0.000881

TCP
83.000000
0.000000
0.000881

TCP
82.000000
0.000000
0.000881

TCP
82.000000
0.000000
0.000881

TCP
83.000000
0.000000
0.000881

TCP
82.000000
0.000000
0.000881

TCP
83.000000
0.000000
0.000881

TCP
86.000000
0.000000
0.000881

TCP
0.000000
0.102038
0.000876

TCP
86.000000
0.000000
0.000881

TCP
86.000000
0.000000
0.000881

TCP
86.000000
0.000000
0.000881

TCP
86.000000
0.000000
0.000881

TCP
90.000000
0.000000
0.000881

TCP
89.000000
0.000000
0.000881

TCP
90.000000
0.000000
0.000881

TCP
90.000000
0.000000
0.000881

TCP
89.000000
0.000000
0.000881

UDP
1.000000
0.020159
0.000712

UDP
3.000000
0.020201
0.000712

TCP
90.000000
0.000000
0.000881

TCP
90.000000
0.000000
0.000881

TCP
94.000000
0.000000
0.000881

TCP
94.000000
0.000000
0.000881

TCP
94.000000
0.000000
0.000881

TCP
94.000000
0.000000
0.000881

TCP
0.000000
0.102038
0.000876

TCP
94.000000
0.000000
0.000881

TCP
94.000000
0.000000
0.000881

TCP
94.000000
0.000000
0.000881

UDP
1.000000
0.020159
0.000712

UDP
1.000000
0.020159
0.000712

TCP
99.000000
0.000000
0.000881

TCP
98.000000
0.000000
0.000881

TCP
99.000000
0.000000
0.000881

TCP
98.000000
0.000000
0.000881

TCP
99.000000
0.000000
0.000881

TCP
99.000000
0.000000
0.000881

TCP
98.000000
0.000000
0.000881

TCP
99.000000
0.000000
0.000881

TCP
99.000000
0.000000
0.000881

TCP
99.000000
0.000000
0.000881

UDP
1.000000
0.020159
0.000712

UDP
1.000000
0.020159
0.000712

