UDP
1039.000000
0.000633
0.000768

TCP
1.000000
0.102424
0.000876

UDP
1042.000000
0.000619
0.000768

TCP
1.000000
0.102424
0.000876

UDP
1034.000000
0.000658
0.000768

TCP
1.000000
0.102424
0.000876

UDP
1029.000000
0.000684
0.000768

UDP
1044.000000
0.000609
0.000769

UDP
1021.000000
0.000727
0.000767

UDP
1029.000000
0.000684
0.000768

UDP
1041.000000
0.000624
0.000768

UDP
1047.000000
0.000595
0.000769

UDP
1027.000000
0.000694
0.000768

UDP
1032.000000
0.000668
0.000768

UDP
1041.000000
0.000624
0.000768

UDP
1045.000000
0.000605
0.000769

UDP
1082.000000
0.000451
0.000771

TCP
0.000000
0.102038
0.000876

UDP
1065.000000
0.000517
0.000770

UDP
1097.000000
0.000399
0.000771

TCP
1.000000
0.102424
0.000876

UDP
1091.000000
0.000419
0.000771

TCP
1.000000
0.102424
0.000876

TCP
1.000000
0.102424
0.000876

UDP
1093.000000
0.000413
0.000771

UDP
1087.000000
0.000433
0.000771

TCP
1.000000
0.102424
0.000876

UDP
1123.000000
0.000322
0.000773

TCP
1.000000
0.102424
0.000876

UDP
1130.000000
0.000303
0.000773

UDP
1124.000000
0.000319
0.000773

UDP
1125.000000
0.000316
0.000773

TCP
1.000000
0.102424
0.000876

UDP
1117.000000
0.000338
0.000773

UDP
1122.000000
0.000324
0.000773

UDP
1122.000000
0.000324
0.000773

UDP
1137.000000
0.000286
0.000774

UDP
1109.000000
0.000362
0.000772

UDP
1134.000000
0.000293
0.000774

TCP
1.000000
0.102424
0.000876

UDP
1128.000000
0.000308
0.000773

TCP
1.000000
0.102424
0.000876

UDP
1140.000000
0.000279
0.000774

TCP
0.000000
0.102038
0.000876

UDP
1126.000000
0.000314
0.000773

UDP
1141.000000
0.000276
0.000774

UDP
1143.000000
0.000271
0.000774

UDP
1145.000000
0.000267
0.000774

UDP
1130.000000
0.000303
0.000773

TCP
1.000000
0.102424
0.000876

UDP
1140.000000
0.000279
0.000774

TCP
1.000000
0.102424
0.000876

UDP
1134.000000
0.000293
0.000774

TCP
1.000000
0.102424
0.000876

UDP
1147.000000
0.000262
0.000774

UDP
1121.000000
0.000327
0.000773

UDP
1164.000000
0.000226
0.000775

TCP
0.000000
0.102038
0.000876

TCP
1.000000
0.102424
0.000876

UDP
1139.000000
0.000281
0.000774

TCP
1.000000
0.102424
0.000876

UDP
1154.000000
0.000247
0.000775

UDP
1142.000000
0.000274
0.000774

UDP
1155.000000
0.000245
0.000775

TCP
1.000000
0.102424
0.000876

UDP
1149.000000
0.000258
0.000774

UDP
1163.000000
0.000228
0.000775

UDP
1151.000000
0.000253
0.000774

UDP
1153.000000
0.000249
0.000775

UDP
1174.000000
0.000207
0.000776

UDP
1154.000000
0.000247
0.000775

TCP
1.000000
0.102424
0.000876

UDP
1169.000000
0.000217
0.000775

UDP
1173.000000
0.000209
0.000776

UDP
1172.000000
0.000211
0.000776

UDP
1175.000000
0.000205
0.000776

TCP
-28.000000
0.015700
0.000874

UDP
1175.000000
0.000205
0.000776

TCP
1.000000
0.102424
0.000876

TCP
1.000000
0.102424
0.000876

UDP
1171.000000
0.000213
0.000776

UDP
1153.000000
0.000249
0.000775

UDP
1147.000000
0.000262
0.000774

TCP
1.000000
0.102424
0.000876

TCP
1.000000
0.102424
0.000876

UDP
1168.000000
0.000218
0.000775

UDP
1173.000000
0.000209
0.000776

UDP
1181.000000
0.000195
0.000776

UDP
1173.000000
0.000209
0.000776

UDP
1164.000000
0.000226
0.000775

UDP
1175.000000
0.000205
0.000776

TCP
0.000000
0.102038
0.000876

TCP
1.000000
0.102424
0.000876

TCP
1.000000
0.102424
0.000876

UDP
1177.000000
0.000202
0.000776

